5 5 5 5 5 5 5 5 3
100 0 0 0 0 0 0 0 3
0 100 0 0 0 0 0 0 3
0 0 100 0 0 0 0 0 3
0 0 0 100 0 0 0 0 3
0 0 0 0 100 0 0 0 3
0 0 0 0 0 100 0 0 3
0 0 0 0 0 0 100 0 3
0 0 0 0 0 0 0 100 3
0 0 0 0 0 0 0 0 3
10000 10000 10000 10000 10000 10000 10000 10000 1
10000 10000 10000 10000 10000 10000 10000 10000 1
10000 10000 10000 10000 10000 10000 10000 10000 1
10000 10000 10000 10000 10000 10000 10000 10000 1
10000 10000 10000 10000 10000 10000 10000 10000 1
10000 10000 10000 10000 10000 10000 10000 10000 1
10000 10000 10000 10000 10000 10000 10000 10000 1
10000 10000 10000 10000 10000 10000 10000 10000 1
10000 10000 10000 10000 10000 10000 10000 10000 1
10000 10000 10000 10000 10000 10000 10000 10000 1
10000 10000 10000 10000 10000 10000 10000 10000 1
10000 10000 10000 10000 10000 10000 10000 10000 1
10000 10000 10000 10000 10000 10000 10000 10000 1
10000 10000 10000 10000 10000 10000 10000 10000 1
10000 10000 10000 10000 10000 10000 10000 10000 1
10000 10000 10000 10000 10000 10000 10000 10000 1
10000 10000 10000 10000 10000 10000 10000 10000 1
10000 10000 10000 10000 10000 10000 10000 10000 1
10000 10000 10000 10000 10000 10000 10000 10000 1
10000 10000 10000 10000 10000 10000 10000 10000 1
10000 10000 10000 10000 10000 10000 10000 10000 1
10000 10000 10000 10000 10000 10000 10000 10000 1
10000 10000 10000 10000 10000 10000 10000 10000 1
10000 10000 10000 10000 10000 10000 10000 10000 1
10000 10000 10000 10000 10000 10000 10000 10000 1
10000 10000 10000 10000 10000 10000 10000 10000 1
10000 10000 10000 10000 10000 10000 10000 10000 1
10000 10000 10000 10000 10000 10000 10000 10000 1
10000 10000 10000 10000 10000 10000 10000 10000 1
10000 10000 10000 10000 10000 10000 10000 10000 1
10000 10000 10000 10000 10000 10000 10000 10000 1
10000 10000 10000 10000 10000 10000 10000 10000 1
10000 10000 10000 10000 10000 10000 10000 10000 1
10000 10000 10000 10000 10000 10000 10000 10000 1
10000 10000 10000 10000 10000 10000 10000 10000 1
10000 10000 10000 10000 10000 10000 10000 10000 1
10000 10000 10000 10000 10000 10000 10000 10000 1
10000 10000 10000 10000 10000 10000 10000 10000 1
10000 10000 10000 10000 10000 10000 10000 10000 1
10000 10000 10000 10000 10000 10000 10000 10000 1
10000 10000 10000 10000 10000 10000 10000 10000 1
10000 10000 10000 10000 10000 10000 10000 10000 1
10000 10000 10000 10000 10000 10000 10000 10000 1
10000 10000 10000 10000 10000 10000 10000 10000 1
10000 10000 10000 10000 10000 10000 10000 10000 1
10000 10000 10000 10000 10000 10000 10000 10000 1
10000 10000 10000 10000 10000 10000 10000 10000 1
10000 10000 10000 10000 10000 10000 10000 10000 1
10000 10000 10000 10000 10000 10000 10000 10000 1
10000 10000 10000 10000 10000 10000 10000 10000 1
10000 10000 10000 10000 10000 10000 10000 10000 1
10000 10000 10000 10000 10000 10000 10000 10000 1
10000 10000 10000 10000 10000 10000 10000 10000 1
10000 10000 10000 10000 10000 10000 10000 10000 1
10000 10000 10000 10000 10000 10000 10000 10000 1
10000 10000 10000 10000 10000 10000 10000 10000 1
10000 10000 10000 10000 10000 10000 10000 10000 1
10000 10000 10000 10000 10000 10000 10000 10000 1
10000 10000 10000 10000 10000 10000 10000 10000 1
10000 10000 10000 10000 10000 10000 10000 10000 1
10000 10000 10000 10000 10000 10000 10000 10000 1
10000 10000 10000 10000 10000 10000 10000 10000 1
10000 10000 10000 10000 10000 10000 10000 10000 1
10000 10000 10000 10000 10000 10000 10000 10000 1
10000 10000 10000 10000 10000 10000 10000 10000 1
10000 10000 10000 10000 10000 10000 10000 10000 1
10000 10000 10000 10000 10000 10000 10000 10000 1
10000 10000 10000 10000 10000 10000 10000 10000 1
10000 10000 10000 10000 10000 10000 10000 10000 1
10000 10000 10000 10000 10000 10000 10000 10000 1
10000 10000 10000 10000 10000 10000 10000 10000 1
10000 10000 10000 10000 10000 10000 10000 10000 1
10000 10000 10000 10000 10000 10000 10000 10000 1
10000 10000 10000 10000 10000 10000 10000 10000 1
100 0 0 0 0 0 0 0 1
0 100 0 0 0 0 0 0 1
0 0 100 0 0 0 0 0 1
0 0 0 100 0 0 0 0 1
0 0 0 0 100 0 0 0 1
0 0 0 0 0 100 0 0 1
0 0 0 0 0 0 100 0 1
0 0 0 0 0 0 0 100 1
100 0 0 0 0 0 0 0 1
0 100 0 0 0 0 0 0 1
0 0 100 0 0 0 0 0 1
0 0 0 100 0 0 0 0 1
0 0 0 0 100 0 0 0 1
0 0 0 0 0 100 0 0 1
0 0 0 0 0 0 100 0 1
0 0 0 0 0 0 0 100 1
100 0 0 0 0 0 0 0 1
0 100 0 0 0 0 0 0 1
0 0 100 0 0 0 0 0 1
0 0 0 100 0 0 0 0 1
0 0 0 0 100 0 0 0 1
0 0 0 0 0 100 0 0 1
0 0 0 0 0 0 100 0 1
0 0 0 0 0 0 0 100 1
100 0 0 0 0 0 0 0 1
0 100 0 0 0 0 0 0 1
0 0 100 0 0 0 0 0 1
0 0 0 100 0 0 0 0 1
0 0 0 0 100 0 0 0 1
0 0 0 0 0 100 0 0 1
0 0 0 0 0 0 100 0 1
0 0 0 0 0 0 0 100 1
100 0 0 0 0 0 0 0 1
0 100 0 0 0 0 0 0 1
0 0 100 0 0 0 0 0 1
0 0 0 100 0 0 0 0 1
0 0 0 0 100 0 0 0 1
0 0 0 0 0 100 0 0 1
0 0 0 0 0 0 100 0 1
0 0 0 0 0 0 0 100 1
100 0 0 0 0 0 0 0 1
0 100 0 0 0 0 0 0 1
0 0 100 0 0 0 0 0 1
0 0 0 100 0 0 0 0 1
0 0 0 0 100 0 0 0 1
0 0 0 0 0 100 0 0 1
0 0 0 0 0 0 100 0 1
0 0 0 0 0 0 0 100 1
100 0 0 0 0 0 0 0 1
0 100 0 0 0 0 0 0 1
0 0 100 0 0 0 0 0 1
0 0 0 100 0 0 0 0 1
0 0 0 0 100 0 0 0 1
0 0 0 0 0 100 0 0 1
0 0 0 0 0 0 100 0 1
0 0 0 0 0 0 0 100 1
100 0 0 0 0 0 0 0 1
0 100 0 0 0 0 0 0 1
0 0 100 0 0 0 0 0 1
0 0 0 100 0 0 0 0 1
0 0 0 0 100 0 0 0 1
0 0 0 0 0 100 0 0 1
0 0 0 0 0 0 100 0 1
0 0 0 0 0 0 0 100 1
100 0 0 0 0 0 0 0 1
0 100 0 0 0 0 0 0 1
0 0 100 0 0 0 0 0 1
0 0 0 100 0 0 0 0 1
0 0 0 0 100 0 0 0 1
0 0 0 0 0 100 0 0 1
0 0 0 0 0 0 100 0 1
0 0 0 0 0 0 0 100 1
100 0 0 0 0 0 0 0 1
0 100 0 0 0 0 0 0 1
0 0 100 0 0 0 0 0 1
0 0 0 100 0 0 0 0 1
0 0 0 0 100 0 0 0 1
0 0 0 0 0 100 0 0 1
0 0 0 0 0 0 100 0 1
0 0 0 0 0 0 0 100 1
100 0 0 0 0 0 0 0 1
0 100 0 0 0 0 0 0 1
0 0 100 0 0 0 0 0 1
0 0 0 100 0 0 0 0 1
0 0 0 0 100 0 0 0 1
0 0 0 0 0 100 0 0 1
0 0 0 0 0 0 100 0 1
0 0 0 0 0 0 0 100 1
100 0 0 0 0 0 0 0 1
0 100 0 0 0 0 0 0 1
0 0 100 0 0 0 0 0 1
0 0 0 100 0 0 0 0 1
0 0 0 0 100 0 0 0 1
0 0 0 0 0 100 0 0 1
0 0 0 0 0 0 100 0 1
0 0 0 0 0 0 0 100 1
100 0 0 0 0 0 0 0 1
0 100 0 0 0 0 0 0 1
0 0 100 0 0 0 0 0 1
0 0 0 100 0 0 0 0 1
0 0 0 0 100 0 0 0 1
0 0 0 0 0 100 0 0 1
0 0 0 0 0 0 100 0 1
0 0 0 0 0 0 0 100 1
100 0 0 0 0 0 0 0 1
0 100 0 0 0 0 0 0 1
0 0 100 0 0 0 0 0 1
0 0 0 100 0 0 0 0 1
0 0 0 0 100 0 0 0 1
0 0 0 0 0 100 0 0 1
0 0 0 0 0 0 100 0 1
0 0 0 0 0 0 0 100 1
100 0 0 0 0 0 0 0 1
0 100 0 0 0 0 0 0 1
0 0 100 0 0 0 0 0 1
0 0 0 100 0 0 0 0 1
0 0 0 0 100 0 0 0 1
0 0 0 0 0 100 0 0 1
0 0 0 0 0 0 100 0 1
0 0 0 0 0 0 0 100 1
100 0 0 0 0 0 0 0 1
0 100 0 0 0 0 0 0 1
0 0 100 0 0 0 0 0 1
0 0 0 100 0 0 0 0 1
0 0 0 0 100 0 0 0 1
0 0 0 0 0 100 0 0 1
0 0 0 0 0 0 100 0 1
0 0 0 0 0 0 0 100 1
100 0 0 0 0 0 0 0 1
0 100 0 0 0 0 0 0 1
0 0 100 0 0 0 0 0 1
0 0 0 100 0 0 0 0 1
0 0 0 0 100 0 0 0 1
0 0 0 0 0 100 0 0 1
0 0 0 0 0 0 100 0 1
0 0 0 0 0 0 0 100 1
0 0 0 0 0 0 0 0 1
0 0 0 0 0 0 0 0 1
0 0 0 0 0 0 0 0 1
0 0 0 0 0 0 0 0 1
0 0 0 0 0 0 0 0 1
0 0 0 0 0 0 0 0 1
0 0 0 0 0 0 0 0 1
0 0 0 0 0 0 0 0 1
0 0 0 0 0 0 0 0 1
0 0 0 0 0 0 0 0 1
0 0 0 0 0 0 0 0 1
0 0 0 0 0 0 0 0 1
0 0 0 0 0 0 0 0 1
0 0 0 0 0 0 0 0 1
0 0 0 0 0 0 0 0 1
0 0 0 0 0 0 0 0 1
0 0 0 0 0 0 0 0 1
0 0 0 0 0 0 0 0 1
0 0 0 0 0 0 0 0 1
0 0 0 0 0 0 0 0 1
0 0 0 0 0 0 0 0 1
0 0 0 0 0 0 0 0 1
0 0 0 0 0 0 0 0 1
0 0 0 0 0 0 0 0 1
0 0 0 0 0 0 0 0 1
0 0 0 0 0 0 0 0 1
0 0 0 0 0 0 0 0 1
0 0 0 0 0 0 0 0 1
0 0 0 0 0 0 0 0 1
0 0 0 0 0 0 0 0 1
0 0 0 0 0 0 0 0 1
0 0 0 0 0 0 0 0 1
0 0 0 0 0 0 0 0 1
0 0 0 0 0 0 0 0 1
0 0 0 0 0 0 0 0 1
0 0 0 0 0 0 0 0 1
0 0 0 0 0 0 0 0 1
0 0 0 0 0 0 0 0 1
0 0 0 0 0 0 0 0 1
0 0 0 0 0 0 0 0 1
0 0 0 0 0 0 0 0 1
0 0 0 0 0 0 0 0 1
0 0 0 0 0 0 0 0 1
0 0 0 0 0 0 0 0 1
0 0 0 0 0 0 0 0 1
0 0 0 0 0 0 0 0 1
0 0 0 0 0 0 0 0 1
0 0 0 0 0 0 0 0 1
0 0 0 0 0 0 0 0 1
0 0 0 0 0 0 0 0 1
0 0 0 0 0 0 0 0 1
0 0 0 0 0 0 0 0 1
0 0 0 0 0 0 0 0 1
0 0 0 0 0 0 0 0 1
0 0 0 0 0 0 0 0 1
0 0 0 0 0 0 0 0 1
0 0 0 0 0 0 0 0 1
0 0 0 0 0 0 0 0 1
0 0 0 0 0 0 0 0 1
0 0 0 0 0 0 0 0 1
0 0 0 0 0 0 0 0 1
0 0 0 0 0 0 0 0 1
0 0 0 0 0 0 0 0 1
0 0 0 0 0 0 0 0 1
0 0 0 0 0 0 0 0 1
0 0 0 0 0 0 0 0 1
0 0 0 0 0 0 0 0 1
0 0 0 0 0 0 0 0 1
0 0 0 0 0 0 0 0 1
0 0 0 0 0 0 0 0 1
0 0 0 0 0 0 0 0 1
0 0 0 0 0 0 0 0 1
0 0 0 0 0 0 0 0 1
0 0 0 0 0 0 0 0 1
0 0 0 0 0 0 0 0 1
0 0 0 0 0 0 0 0 1
0 0 0 0 0 0 0 0 1
0 0 0 0 0 0 0 0 1
0 0 0 0 0 0 0 0 1
0 0 0 0 0 0 0 0 1
0 0 0 0 0 0 0 0 1
0 0 0 0 0 0 0 0 1
0 0 0 0 0 0 0 0 1
0 0 0 0 0 0 0 0 1
0 0 0 0 0 0 0 0 1
0 0 0 0 0 0 0 0 1
0 0 0 0 0 0 0 0 1
0 0 0 0 0 0 0 0 1
0 0 0 0 0 0 0 0 1
0 0 0 0 0 0 0 0 1
